0.874763
0.059910
0.582885
0.779601
0.727258
0.478402
0.202020
0.917154
0.503958
0.941321
0.866039
0.948286
0.472093
0.810988
0.754659
0.388996
0.759754
0.359054
0.806546
0.525466
0.941477
0.297085
0.894878
0.051198
0.508636
0.800461
0.901484
0.807277
0.171629
0.355721
0.709568
0.107216
0.722107
0.703856
0.792963
0.456535
0.297389
0.680740
0.513542
0.876849
0.145170
0.784218
0.444060
0.881916
0.591316
0.450308
0.461870
0.756502
0.524404
0.772522
0.801468
0.248472
0.569601
0.836342
0.232182
0.704516
0.275728
0.916639
0.730080
0.558425
0.048171
0.626363
0.890170
0.916451
0.604266
0.333182
0.246443
0.163546
0.896236
0.467842
0.167145
0.668684
0.947331
0.089763
0.874763
0.042757
0.809996
0.173145
0.099423
0.242555
0.980168
0.790173
0.386634
0.715921
0.610980
0.049390
0.949160
0.269041
0.846167
0.567710
0.328816
0.806679
0.087391
0.049009
0.162037
0.313164
0.961212
0.150501
0.881916
0.167821
0.078452
0.969417
0.868820
0.537351
0.467842
0.092192
0.506539
0.260682
0.684875
0.037217
0.310442
0.795471
0.124175
0.816576
0.397732
0.270689
0.888293
0.878306
0.948615
0.214881
0.385185
0.551852
0.599477
0.306287
0.839850
0.962750
0.377633
0.831538
0.883236
0.484614
0.598667
0.029618
0.096484
0.227314
0.319031
0.988909
0.539711
0.628955
0.326594
0.636365
0.639405
0.575139
0.660017
0.261187
0.505492
0.608101
0.186175
0.089763
0.538424
0.538138
0.943912
0.002946
0.977342
0.409334
0.859160
0.000518
0.008971
0.699747
0.973371
0.748327
0.463343
0.846842
0.285081
0.013421
0.091065
0.754659
0.996499
0.130784
0.982936
0.129329
0.276447
0.254363
0.245697
0.250780
0.954569
0.003545
0.009629
0.412156
0.057007
0.315586
0.282636
0.967261
0.053594
0.355835
0.170940
0.393624
0.098931
0.426369
0.480309
0.239359
0.066552
0.242078
0.543581
0.367887
0.536280
0.478538
0.094072
0.259582
0.277792
0.663055
0.685834
0.045866
0.652455
0.068911
0.915320
0.799116
0.533640
0.471485
0.555749
0.123926
0.860050
0.261555
0.148425
0.241905
0.677636
0.321805
0.115167
0.337256
0.588160
0.549042
0.262845
0.754800
0.538424
0.827390
0.474869
0.246663
0.288828
0.160354
0.958322
0.273342
0.509126
0.677193
0.751746
0.592932
0.658386
0.002426
0.513823
0.308204
0.436689
0.661129
0.216703
0.713221
0.103457
0.113357
0.380858
0.784973
0.706714
0.047577
0.515229
0.783943
0.701802
0.028251
0.026037
0.090157
0.778702
0.936890
0.665796
0.919660
0.542146
0.854378
0.391610
0.361597
0.836720
0.354233
0.228471
0.485642
0.726316
0.247191
0.865806
0.660313
0.292410
0.318818
0.542648
0.963924
0.769940
0.780637
0.843515
0.581934
0.416378
0.865048
0.915415
0.560597
0.813295
0.881197
0.449318
0.295874
0.915320
0.547315
0.277792
0.734629
0.091027
0.265673
0.581129
0.366659
0.573680
0.754800
0.781396
0.080794
0.661129
0.567710
0.159147
0.803945
0.765247
0.655643
0.678967
0.210730
0.840536
0.148163
0.168240
0.464348
0.981634
0.270878
0.331322
0.031233
0.279190
0.822367
0.635698
0.182447
0.690773
0.062756
0.638144
0.783943
0.181344
0.289373
0.788535
0.322502
0.406212
0.588307
0.479900
0.335711
0.642444
0.087556
0.931950
0.088107
0.772522
0.140333
0.979301
0.164495
0.617556
0.149679
0.478266
0.159734
0.584349
0.599477
0.543724
0.494174
0.362814
0.615486
0.700041
0.225012
0.351611
0.732609
0.602349
0.334995
0.886889
0.716577
0.924780
0.899492
0.001246
0.361944
0.834957
0.553366
0.225258
0.967318
0.543724
0.797229
0.913036
0.124675
0.502148
0.963924
0.781396
0.205042
0.265208
0.058722
0.955010
0.382057
0.572441
0.924289
0.879755
0.151978
0.796215
0.621255
0.223135
0.869570
0.282538
0.334995
0.613861
0.957540
0.192589
0.793845
0.995339
0.942837
0.836468
0.319510
0.644892
0.461737
0.097489
0.306753
0.417896
0.052349
0.998380
0.629918
0.184042
0.911787
0.462740
0.215751
0.768262
0.263770
0.531147
0.175810
0.372474
0.025893
0.236664
0.906901
0.033787
0.717961
0.818144
0.581129
0.205804
0.003971
0.191652
0.769032
0.879755
0.385064
0.505004
0.111776
0.129588
0.413791
0.431383
0.996658
0.846044
0.754375
0.456070
0.583544
0.722252
0.009690
0.852145
0.515370
0.421898
0.418593
0.358075
0.261463
0.592785
0.963924
0.322877
0.041272
0.030843
0.841096
0.743538
0.486259
0.416947
0.244472
0.785865
0.720653
0.939863
0.243991
0.947183
0.026992
0.898360
0.352009
0.787030
0.779739
0.158655
0.290565
0.517200
0.104718
0.203829
0.572441
0.000876
0.653716
0.078087
0.728706
0.598667
0.495834
0.990634
0.308879
0.821914
0.275728
0.275297
0.156544
0.159672
0.636513
0.139035
0.941399
0.027761
0.116246
0.597563
0.736502
0.256305
0.332853
0.930844
0.868185
0.430223
0.396258
0.797364
0.785591
0.222526
0.984804
0.952641
0.152811
0.983144
0.060105
0.101265
0.037309
0.390697
0.352237
0.962016
0.324489
0.788398
0.952780
0.609725
0.821784
0.278852
0.779877
0.882742
0.856179
0.452357
0.344888
0.322877
0.243512
0.380858
0.554521
0.852931
0.199665
0.154187
0.368649
0.191328
0.028643
0.506260
0.824305
0.601539
0.565021
0.458266
0.382717
0.455937
0.761871
0.088181
0.009888
0.132595
0.201607
0.048685
0.676380
0.368532
0.526672
0.012169
0.866795
0.920074
0.706714
0.875611
0.532999
0.115588
0.316961
0.579082
0.385728
0.609208
0.928693
0.144856
0.758977
0.051097
0.600729
0.221028
0.987944
0.685022
0.354862
0.187621
0.025103
0.970117
0.146459
0.149474
0.921947
0.602497
0.572004
0.090214
0.331431
0.439095
0.426177
0.231554
0.296429
0.195899
0.332470
0.895662
0.974285
0.431770
0.579886
0.483314
0.758341
0.845367
0.117834
0.896912
0.431383
0.896132
0.344888
0.263076
0.333347
0.434420
0.023032
0.965457
0.474124
0.069296
0.785728
0.881197
0.746328
0.174374
0.723342
0.745542
0.186703
0.263585
0.494174
0.989096
0.369295
0.547315
0.747899
0.894196
0.926992
0.823466
0.454344
0.803210
0.623327
0.412847
0.653716
0.077100
0.871177
0.303146
0.314215
0.937781
0.552284
0.299062
0.440790
0.009021
0.007309
0.693498
0.940377
0.411339
0.268618
0.178305
0.713221
0.884059
0.717815
0.121506
0.993730
0.553872
0.006316
0.142706
0.831538
0.541215
0.023285
0.255265
0.643928
0.894983
0.816249
0.833441
0.311382
0.283075
0.188720
0.020174
0.430803
0.244079
0.826813
0.435975
0.197959
0.330830
0.194147
0.856179
0.916545
0.090535
0.827647
0.203489
0.981970
0.129977
0.776901
0.293160
0.043791
0.471958
0.458399
0.142228
0.574045
0.298301
0.010045
0.132991
0.300028
0.448066
0.765387
0.709933
0.164368
0.406026
0.261969
0.575285
0.946366
0.015787
0.332744
0.492518
0.827647
0.754517
0.297490
0.717815
0.636365
0.259674
0.452489
0.932499
0.571202
0.075897
0.915934
0.683768
0.030208
0.423875
0.843763
0.159951
0.431770
0.574190
0.430803
0.027412
0.348776
0.873516
0.026273
0.431770
0.513823
0.588454
0.172584
0.452489
0.258988
0.884769
0.723197
0.703709
0.469729
0.495695
0.624437
0.805080
0.760037
0.368180
0.938827
0.862117
0.119875
0.282002
0.821914
0.040877
0.926023
0.468988
0.074648
0.876343
0.827647
0.154969
0.202584
0.124250
0.755297
0.153617
0.677341
0.195680
0.255943
0.106167
0.793574
0.796486
0.670609
0.677636
0.331322
0.594989
0.136254
0.620589
0.490313
0.257212
0.157062
0.023074
0.515510
0.691289
0.629251
0.476362
0.280109
0.610168
0.886293
0.024877
0.028630
0.976194
0.237133
0.663352
0.325082
0.382297
0.778979
0.417073
0.899800
0.257212
0.760954
0.504585
0.370588
0.562336
0.579082
0.071330
0.743681
0.451629
0.494036
0.165863
0.159209
0.381397
0.955010
0.737149
0.687456
0.369941
0.782705
0.814413
0.090421
0.403477
0.102230
0.913658
0.900260
0.596092
0.618222
0.637180
0.503958
0.928780
0.547172
0.906157
0.316961
0.001025
0.676380
0.282831
0.537351
0.154969
0.885369
0.219378
0.291661
0.487768
0.124075
0.783943
0.011974
0.348041
0.211821
0.232644
0.958742
0.852387
0.258487
0.404719
0.855279
0.290864
0.467237
0.649563
0.835650
0.632807
0.205880
0.346575
0.105041
0.699086
0.481196
0.637477
0.194402
0.000484
0.717669
0.035928
0.646004
0.572295
0.955381
0.210808
0.558569
0.434873
0.719708
0.845367
0.609060
0.421770
0.540141
0.084682
0.452357
0.640368
0.695116
0.379961
0.174873
0.782429
0.983629
0.193929
0.647784
0.385064
0.964252
0.785728
0.075752
0.055011
0.922626
0.228928
0.608248
0.187479
0.859041
0.965718
0.605888
0.199814
0.233275
0.930374
0.738731
0.707080
0.267915
0.286260
0.023301
0.898360
0.537351
0.977002
0.643928
0.836342
0.989616
0.060735
0.719562
0.211314
0.315692
0.074679
0.056659
0.616743
0.596607
0.337035
0.448330
0.473108
0.668832
0.062377
0.398409
0.190109
0.669943
0.971772
0.565820
0.711030
0.228471
0.851357
0.871177
0.167273
0.668832
0.731815
0.040895
0.309556
0.104075
0.764755
0.308308
0.069401
0.160230
0.649563
0.252298
0.463611
0.291412
0.971043
0.845120
0.242469
0.643112
0.599477
0.381517
0.386755
0.960462
0.770080
0.382297
0.294113
0.252030
0.494935
0.022728
0.066524
0.462138
0.047830
0.513823
0.426369
0.690184
0.697175
0.694013
0.434420
0.464483
0.626363
0.253284
0.900158
0.758977
0.773567
0.693498
0.487631
0.144856
0.772662
0.051936
0.977002
0.332032
0.186316
0.211314
0.401866
0.003414
0.381517
0.499576
0.937255
0.637477
0.386755
0.160075
0.230175
0.837285
0.744469
0.742607
0.718907
0.015991
0.999125
0.699894
0.032885
0.021571
0.236877
0.876005
0.776138
0.518257
0.884660
0.331158
0.980396
0.179563
0.225791
0.800596
0.773428
0.578278
0.636365
0.759260
0.234288
0.199963
0.348549
0.043576
0.443078
0.825142
0.591316
0.906604
0.275441
0.433191
0.577694
0.034594
0.384763
0.111231
0.479287
0.970410
0.511858
0.777040
0.618814
0.079506
0.063659
0.118455
0.380619
0.444781
0.422726
0.412156
0.368415
0.995249
0.338973
0.032877
0.941047
0.149562
0.130549
0.272013
0.146602
0.510946
0.036262
0.051936
0.609208
0.610684
0.251047
0.328490
0.338696
0.830839
0.271398
0.297085
0.731381
0.827775
0.034336
0.203640
0.737437
0.135957
0.967261
0.131804
0.842834
0.335821
0.604413
0.336649
0.553078
0.569746
0.699086
0.293561
0.532571
0.033268
0.904761
0.959224
0.985705
0.933129
0.092481
0.537995
0.548898
0.545734
0.107172
0.603307
0.425217
0.617556
0.674605
0.455074
0.275393
0.536280
0.264187
0.241602
0.774193
0.533640
0.121824
0.097408
0.230009
0.085738
0.548107
0.379184
0.656014
0.130211
0.634438
0.695116
0.315111
0.895087
0.759896
0.166439
0.030388
0.397855
0.577840
0.516284
0.603455
0.825014
0.680371
0.013043
0.502426
0.545734
0.806413
0.128813
0.554955
0.495557
0.609208
0.359458
0.050782
0.214015
0.862235
0.111913
0.965515
0.841904
0.175609
0.860464
0.493898
0.935745
0.404036
0.909896
0.179426
0.346350
0.809996
0.805680
0.720508
0.902245
0.348663
0.702096
0.914705
0.129485
0.661944
0.556833
0.397855
0.248162
0.886293
0.909262
0.605519
0.696881
0.950490
0.566910
0.985891
0.604118
0.939784
0.722398
0.775097
0.453615
0.617556
0.244734
0.386090
0.082326
0.428422
0.868185
0.035243
0.785111
0.784080
0.396012
0.676232
0.184042
0.860701
0.667870
0.153797
0.874140
0.191256
0.583544
0.522988
0.599771
0.495834
0.053724
0.618814
0.553078
0.309087
0.748184
0.312272
0.884660
0.842710
0.953162
0.172584
0.871920
0.243991
0.495557
0.515651
0.843639
0.216663
0.082587
0.231470
0.707519
0.726026
0.234373
0.490450
0.197664
0.131857
0.652752
0.655495
0.855519
0.129149
0.555749
0.442358
0.202433
0.199590
0.439942
0.652752
0.206300
0.650824
0.816707
0.650527
0.745685
0.953679
0.912940
0.740096
0.277695
0.439225
0.977342
0.239273
0.138486
0.714316
0.834831
0.462740
0.613417
0.767351
0.303403
0.203716
0.225627
0.833187
0.709422
0.808141
0.339917
0.607289
0.713878
0.670609
0.958452
0.522705
0.129821
0.027399
0.427844
0.811714
0.743681
0.209877
0.029382
0.121237
0.481810
0.658683
0.588454
0.926992
0.034555
0.867549
0.652455
0.443209
0.664018
0.101726
0.955818
0.234753
0.337754
0.920670
0.265487
0.515651
0.221473
0.449318
0.813559
0.018174
0.098849
0.798375
0.865923
0.483451
0.413413
0.269041
0.151356
0.973694
0.703563
0.762786
0.712126
0.822043
0.237816
0.184356
0.400938
0.264883
0.307737
0.607142
0.218417
0.664981
0.658090
0.200634
0.679262
0.433579
0.579228
0.673199
0.265673
0.009432
0.516425
0.001356
0.364209
0.351384
0.499576
0.898154
0.781533
0.435003
0.404595
0.689668
0.265487
0.682808
0.376860
0.956252
0.716577
0.178950
0.257485
0.804947
0.296075
0.008491
0.674457
0.985891
0.233655
0.491621
0.156544
0.161568
0.754517
0.277984
0.834957
0.936196
0.422726
0.862352
0.536566
0.812440
0.501383
0.041597
0.972667
0.817556
0.577036
0.813295
0.265487
0.579082
0.425665
0.490588
0.415304
0.719708
0.266792
0.103563
0.192120
0.792963
0.224562
0.967990
0.082239
0.939863
0.027374
0.370823
0.001610
0.723197
0.489831
0.049085
0.259674
0.075655
0.526672
0.238158
0.738084
0.482562
0.147670
0.208602
0.051936
0.808406
0.176548
0.266699
0.876343
0.115588
0.165194
0.882632
0.492242
0.881197
0.546668
0.148366
0.569601
0.488662
0.079607
0.444912
0.895087
0.232728
0.994110
0.924200
0.987575
0.410963
0.314426
0.377514
0.418467
0.978500
0.545591
0.815856
0.169439
0.773428
0.036890
0.413665
0.915934
0.792827
0.802942
0.450308
0.629621
0.544657
0.772522
0.057056
0.034949
0.396380
0.499437
0.111027
0.479151
0.555460
0.590215
0.579082
0.621255
0.692688
0.663055
0.287641
0.124025
0.710372
0.867954
0.465355
0.929256
0.125604
0.139035
0.595945
0.401062
0.031983
0.457666
0.562046
0.855279
0.809268
0.448066
0.664018
0.249890
0.059715
0.275297
0.389907
0.352977
0.902902
0.922536
0.848190
0.489693
0.735277
0.488937
0.813427
0.843392
0.306287
0.910626
0.713075
0.196927
0.043054
0.195022
0.419164
0.720508
0.372002
0.157153
0.608765
0.846044
0.660165
0.141976
0.986358
0.048966
0.750038
0.899133
0.092442
0.904761
0.358708
0.313532
0.371353
0.246355
0.706421
0.864523
0.112073
0.835650
0.042862
0.431512
0.230467
0.003246
0.726026
0.256622
0.004043
0.074918
0.982688
0.002470
0.465221
0.590215
